255  255  5.55096 
0  255  75.1265 
161  252  29.4602 
11  251  58.9107 10  251  46.114 9  251  27.6697 
121  249  31.049 120  249  29.5873 122  248  19.9636 121  248  22.3177 122  247  26.9129 122  246  39.7462 123  245  66.3855 122  245  75.1268 122  244  94.9283 121  244  34.8565 
145  247  34.817 144  247  26.0839 143  247  36.317 145  246  40.7819 144  246  26.0807 
57  243  17.4189 56  243  7.95404 58  242  41.2899 57  242  40.7972 59  241  22.8924 58  241  28.9646 
107  242  11.7754 107  241  127.242 108  240  8.20811 107  240  21.7778 108  239  26.4032 108  238  36.104 108  237  20.4666 108  236  17.8746 108  235  27.0681 108  234  32.2804 108  233  32.7481 108  232  40.6379 108  231  19.5135 108  230  18.9021 107  230  35.1807 107  229  34.4384 
78  241  8.84831 77  241  18.0596 78  240  17.792 77  240  33.6682 78  239  10.8964 77  239  18.82 78  238  24.8161 77  238  7.19673 79  237  41.1706 78  237  11.8032 80  236  19.072 79  236  14.1365 
169  239  58.0174 168  239  103.219 169  238  30.4131 168  238  26.5733 169  237  33.1615 169  236  11.5757 
205  235  31.5701 204  235  16.6713 205  234  23.6118 204  234  6.5288 203  234  25.9717 203  233  18.089 202  233  29.8009 201  233  18.8308 202  232  28.4098 201  232  58.2358 
163  233  68.6854 163  232  57.212 
171  233  5.80028 173  232  28.2161 172  232  28.1513 171  232  6.2845 174  231  9.00981 173  231  19.1936 174  230  30.0824 174  229  25.6379 174  228  22.0808 174  227  24.9763 173  227  22.5777 173  226  17.068 172  226  19.2322 171  226  26.6805 170  226  7.97257 
57  231  11.2691 58  230  27.429 57  230  28.6076 59  229  19.9312 58  229  20.8154 66  232  7.57463 66  231  54.301 65  230  32.0804 64  230  6.55497 64  229  26.2632 64  228  24.9325 63  228  14.4202 62  228  9.58209 61  228  20.5261 60  228  27.7915 59  228  10.4748 64  227  21.1662 63  227  29.9956 61  227  11.9889 60  227  21.6944 
163  230  17.0908 162  230  66.773 161  230  54.1493 162  229  28.2544 161  229  68.7339 
155  227  32.1662 156  226  27.8587 155  226  16.1036 157  225  8.79085 156  225  23.732 157  224  33.9099 157  223  29.111 158  222  26.1145 157  222  105.925 157  221  27.386 
206  225  17.0201 206  224  10.0053 205  224  21.6069 205  223  22.2397 205  222  11.9576 204  222  32.8476 204  221  55.8451 
201  225  24.5414 200  225  29.2285 199  225  18.7925 198  225  34.4104 
142  225  28.8048 141  225  5.58637 142  224  60.9306 142  223  24.444 
99  225  26.8314 98  225  26.5941 100  224  8.8206 
151  224  37.823 150  223  44.8336 150  222  37.3039 
81  224  11.2673 81  223  15.371 80  223  25.5778 80  222  22.3454 
201  222  87.0745 
74  222  86.8846 73  222  83.3271 74  221  39.7611 73  221  5.72411 
162  221  36.6434 162  220  85.1429 
36  218  26.496 37  217  29.9622 36  217  7.86108 37  216  31.6065 36  216  8.26038 37  215  10.7299 36  215  22.3987 
170  217  49.0932 170  216  16.6488 169  216  33.8227 169  215  21.5796 
165  217  10.9252 164  217  67.844 163  217  36.7054 
174  216  5.7631 175  215  23.4113 174  215  7.60212 175  214  32.813 174  214  24.5225 174  213  42.0114 
101  214  6.86662 101  213  28.4883 100  212  40.4424 100  211  24.182 100  210  29.0173 101  209  30.6567 100  209  6.33451 101  208  23.4042 101  207  23.7422 101  206  32.7106 
127  206  5.47162 123  208  152.417 125  207  54.9798 124  207  41.8869 123  207  18.5558 126  206  35.6269 125  206  5.4869 127  205  41.5359 127  204  67.5997 127  203  119.821 126  203  46.0209 126  202  35.5992 125  202  44.0344 124  202  27.1349 123  202  30.2299 122  202  35.7653 
224  203  34.4735 224  202  16.7767 
130  201  40.1326 131  200  23.3231 130  200  12.2616 131  199  39.7801 131  198  72.4235 
62  198  32.3262 61  198  70.4471 60  198  47.1652 59  198  17.8437 62  197  33.394 60  197  5.81108 59  197  35.7604 58  197  61.6651 
16  196  38.5197 16  195  72.0063 
224  194  17.2988 225  193  14.8954 224  193  16.1113 226  192  47.9024 225  192  24.7536 226  191  37.6306 225  191  13.9635 
72  194  42.0278 71  194  34.1683 72  193  35.879 71  193  77.2594 70  193  124.848 69  193  12.2727 69  192  26.6909 68  192  26.2678 67  192  6.89171 67  191  25.7795 66  191  40.5657 65  191  56.1415 
202  192  34.0745 202  191  7.68842 
41  187  102.084 
106  185  25.0356 105  185  42.7678 105  184  26.2491 104  184  44.6558 
156  184  86.8298 156  183  198.256 155  183  5.85504 155  182  43.2955 
70  184  39.3397 69  184  5.73855 72  184  33.0788 72  183  65.5002 71  183  13.2506 70  183  54.9303 72  182  33.967 71  182  34.7089 
44  183  11.2203 
31  179  13.5677 30  179  20.981 31  178  32.1643 30  178  33.5902 30  177  66.2099 29  177  14.9056 
5  176  26.8141 4  176  28.0917 3  176  11.3024 8  176  25.5538 8  175  27.255 7  175  44.5694 6  175  36.9449 
140  175  48.5119 140  174  43.3976 
88  172  17.0806 87  172  24.239 88  171  85.4563 88  170  32.2273 89  169  10.5444 88  169  19.6234 89  168  34.4237 90  167  7.28955 89  167  39.3062 89  166  28.2078 89  165  23.8239 89  164  31.8326 89  163  30.6853 89  162  35.9909 89  161  35.7127 89  160  7.27996 88  160  20.3169 
191  171  76.3828 190  171  5.69476 191  170  33.273 191  169  31.3101 191  168  28.3309 191  167  15.0803 
41  170  10.271 40  170  21.0903 40  169  28.7376 39  169  30.7438 39  168  39.2682 39  167  29.5525 
49  169  23.4877 49  168  19.5541 48  168  36.6537 48  167  41.6988 
198  168  66.4213 197  168  36.0418 198  167  45.7677 197  167  7.1076 198  166  43.766 199  165  34.0634 198  165  123.846 200  164  65.346 199  164  17.4999 198  164  112.258 197  164  9.87988 200  163  36.0003 200  162  22.0364 199  162  5.24615 199  161  24.9305 199  160  11.6321 198  160  44.8082 198  159  32.4951 197  159  5.33496 197  158  43.2123 197  157  7.6846 196  157  30.1341 196  156  6.08486 195  156  29.0685 
106  168  18.2614 105  168  74.563 104  168  7.33598 
134  160  54.5088 133  160  20.9328 134  159  12.352 133  159  41.743 
179  159  21.0608 180  158  28.5315 179  158  17.9873 181  157  27.2791 180  157  18.2427 181  156  27.5768 182  155  26.4184 182  154  24.2696 
186  157  12.0823 185  157  11.3834 187  156  58.1158 186  156  25.5114 
47  156  9.3776 46  156  92.2758 
110  142  5.51943 105  153  30.5088 103  154  24.5375 101  155  19.7733 100  155  66.4339 99  155  27.7095 98  155  29.4852 97  155  33.7336 96  155  5.38544 102  154  32.9265 101  154  19.2961 100  154  28.8758 99  154  27.7197 98  154  23.4233 104  153  26.9128 106  152  20.1175 105  152  5.76912 107  151  13.3991 106  151  8.95547 107  150  16.0094 108  149  6.19415 107  149  24.2417 108  148  26.5789 108  147  34.1341 108  146  23.5099 108  145  36.042 107  145  6.66626 108  144  7.07924 107  144  19.4191 108  143  27.8431 109  142  24.9872 108  142  9.53258 110  141  8.29059 
214  154  94.4213 
144  154  5.94255 145  153  38.463 144  153  49.8683 
121  154  44.4613 121  153  76.4981 
93  154  101.224 
150  151  54.2315 151  150  10.6766 150  150  39.0504 
127  151  76.0452 
138  150  33.1813 137  150  21.7418 138  149  63.5302 137  149  39.827 138  148  8.39961 137  148  13.7385 
43  151  6.04058 45  150  59.1396 44  150  32.8456 43  150  33.3303 45  149  126.74 
220  149  5.91265 221  148  21.9849 220  148  95.9175 
179  149  19.6713 178  149  66.8791 177  149  24.403 180  148  23.4493 179  148  24.235 181  147  24.3955 180  147  25.342 181  146  14.3673 
148  146  11.886 144  149  26.8072 143  149  24.9852 142  149  31.5296 141  149  28.0072 145  148  31.6767 144  148  6.19288 146  147  30.6035 147  146  27.3478 146  146  9.64689 148  145  23.3695 149  144  5.14011 148  144  35.8332 149  143  18.352 148  143  27.0227 149  142  7.91294 
119  148  6.02759 119  147  83.9984 118  147  5.44849 
91  143  28.4767 90  143  72.4394 90  142  92.7751 
35  139  9.22143 34  139  52.1851 28  141  49.3952 32  140  37.051 31  140  37.9075 30  140  32.4439 29  140  98.2987 28  140  31.8501 27  140  41.5676 33  139  53.3979 32  139  11.1126 29  139  18.1528 28  139  81.3575 27  139  10.5209 35  138  145.516 34  138  9.67131 32  138  28.471 33  137  38.3081 34  136  31.802 35  135  37.8387 35  134  27.5526 36  133  8.14908 35  133  20.2586 36  132  25.5009 36  131  29.4055 36  130  21.5463 37  129  24.3261 37  128  31.8103 38  127  6.63862 37  127  16.0908 38  126  35.1974 38  125  13.6832 
139  139  5.79526 139  138  36.7657 138  138  22.1392 138  137  43.0423 137  137  15.6917 
40  139  100.341 40  138  52.7029 
104  138  25.2393 103  138  56.8327 104  137  6.59225 
54  137  32.7545 53  137  48.0881 52  137  39.8625 
132  136  103.687 133  135  35.5739 132  135  68.7328 
121  136  43.5745 121  135  7.95057 
76  133  23.2229 81  135  31.81 81  134  53.2449 80  134  5.47125 80  133  22.5873 79  133  31.2494 78  133  5.89551 78  132  52.8231 77  132  180.849 76  132  17.7233 
84  133  42.6885 83  133  18.7533 83  132  76.2356 83  131  44.7978 
176  132  82.7813 175  132  24.1073 
46  132  65.3697 46  131  43.6639 
70  130  27.0199 69  130  27.3751 70  129  50.1996 69  129  8.66569 
64  127  109.343 63  127  22.5723 
54  126  43.904 52  127  19.8803 51  127  14.6103 53  126  55.5364 52  126  34.3532 
110  123  24.8567 103  125  10.0149 102  125  7.47907 108  126  26.2025 109  125  28.8565 108  125  73.9249 108  124  30.6623 107  124  22.9533 106  124  30.5934 105  124  30.0679 104  124  26.7845 103  124  37.061 102  124  37.4657 101  124  21.0908 109  123  26.2842 108  123  5.70171 110  122  26.2435 111  121  33.9594 
67  126  48.0249 66  126  81.9506 67  125  63.0296 66  125  28.852 68  124  31.8039 67  124  5.31588 68  123  29.6345 68  122  108.815 67  122  5.50131 
152  124  7.00111 150  125  42.0856 149  125  56.0201 151  124  105.826 150  124  34.9061 
252  123  46.6674 251  123  26.8185 252  122  62.6116 252  121  5.04332 
219  120  21.0002 218  120  39.0802 215  122  12.4179 214  122  26.4083 213  122  25.572 212  122  7.4334 216  121  24.6199 215  121  19.2299 217  120  28.1439 216  120  9.19589 220  119  5.08841 219  119  24.1606 220  118  34.8348 221  117  7.44825 220  117  15.7574 221  116  32.5501 221  115  45.1056 221  114  36.4474 221  113  41.5789 220  113  15.8985 222  112  23.32 221  112  116.821 220  112  115.77 219  112  21.6322 220  111  26.4555 219  111  40.1336 
144  121  12.0249 149  121  56.8426 148  121  34.0084 147  121  37.3492 149  120  25.9338 148  120  7.23539 146  120  29.7529 145  120  41.0861 144  120  34.8498 148  119  153.192 148  118  55.1274 
126  120  35.3909 129  121  77.1777 129  120  69.8494 128  120  9.24633 128  119  42.2358 127  119  40.1818 126  119  53.2896 
181  120  21.6335 180  120  71.9283 
94  118  9.29964 92  120  14.5026 91  120  46.5235 92  119  28.5901 93  118  54.5819 94  117  65.594 93  117  22.6627 
16  120  31.4076 16  119  108.808 16  118  10.0657 
240  117  35.564 237  119  38.8493 236  119  25.9869 238  118  27.8206 237  118  15.6065 239  117  33.3681 238  117  25.2124 
214  119  30.6893 
117  116  16.515 115  117  20.6926 112  119  9.99252 113  118  14.7492 112  118  23.8704 114  117  24.7729 113  117  18.2683 116  116  46.1715 117  115  130.174 116  115  32.8151 117  114  41.4162 116  114  39.2142 118  113  24.2545 117  113  47.0398 116  113  51.0602 118  112  37.2212 117  112  63.2001 116  112  35.8998 
164  116  27.9869 164  115  42.848 164  114  34.8405 
70  116  25.3403 69  116  29.6382 69  115  6.4554 
252  113  39.1429 252  112  33.773 249  115  6.41095 250  114  66.2273 249  114  48.6425 250  113  52.2324 249  113  19.3016 251  112  60.203 250  112  34.8444 
125  115  7.03853 
76  115  5.66476 75  115  79.4114 75  114  30.0989 
40  115  55.9764 40  114  46.6997 
134  114  5.62391 133  114  102.754 132  114  55.3488 134  113  41.1848 
131  111  25.314 129  114  40.7281 129  113  30.1067 129  112  30.4105 130  111  49.3579 
236  113  52.8823 235  113  24.3416 238  113  22.5689 238  112  45.0797 237  112  60.4175 236  112  30.174 
88  113  45.5513 89  112  20.9556 88  112  44.0856 
165  112  5.44702 
139  112  47.2339 140  111  30.8282 139  111  16.7287 140  110  44.757 141  109  29.5318 140  109  5.57366 
127  111  52.2992 126  110  61.5204 126  109  60.3965 125  109  36.3751 
161  110  23.3372 162  109  39.0617 161  109  78.0336 162  108  28.2757 
150  110  45.8443 149  110  21.62 149  109  35.9299 149  108  34.1363 150  107  31.2743 
130  109  56.0508 
21  107  60.5064 20  107  8.63268 20  106  30.4276 
9  107  48.6253 10  106  28.625 9  106  29.9326 10  105  62.6624 10  104  108.699 
104  106  23.2756 103  106  19.6043 105  105  39.3168 104  105  41.1064 
68  105  32.6722 67  105  22.2182 66  105  19.4802 69  104  46.3546 66  104  7.9377 65  104  26.4308 64  104  35.3693 63  104  25.2417 
121  104  5.66724 122  103  34.3304 121  103  30.4333 
28  104  41.5423 29  103  54.8038 28  103  56.2367 
212  103  28.9593 212  102  42.7021 212  101  45.5803 211  100  50.1529 210  100  111.384 209  100  44.9635 199  103  44.4675 198  103  6.04824 205  103  21.3579 204  103  32.1284 203  103  38.7442 202  103  31.8495 206  102  14.449 205  102  36.2032 202  102  5.5283 201  102  53.2901 200  102  45.9471 207  101  5.35796 206  101  29.3831 208  100  24.448 207  100  27.5719 210  99  117.465 209  99  80.4851 208  99  37.3781 
78  101  47.4291 78  100  33.1517 78  99  26.7693 78  98  8.8038 77  98  19.2353 78  97  14.3578 77  97  24.6631 78  96  41.6445 77  96  41.5097 79  95  27.8974 78  95  55.1172 77  95  6.87694 79  94  39.8195 78  94  15.9601 
188  99  67.1519 187  99  13.1181 188  98  93.2635 187  98  34.0488 
113  99  20.928 113  98  77.6518 
23  99  42.2164 22  98  39.1748 22  97  53.7428 22  96  54.0372 22  95  39.2726 
223  98  70.0691 222  98  46.0547 221  98  52.2544 
54  99  27.112 56  98  9.88855 55  98  42.1965 54  98  41.7877 53  98  6.28854 56  97  37.1469 55  97  20.1743 53  97  33.5673 52  97  19.1256 56  96  5.4542 55  96  42.5858 52  96  46.9955 51  96  8.66876 55  95  15.5976 54  95  44.4411 53  95  5.56608 52  95  26.4838 50  95  75.3433 50  94  49.531 
90  95  39.8197 91  94  61.0074 91  93  27.8933 
149  94  27.551 148  94  29.9263 149  93  120.359 148  93  75.1567 148  92  33.5149 147  92  35.6298 147  91  10.9863 146  91  48.9255 146  90  25.2991 146  89  34.1749 147  88  13.5806 146  88  28.2748 148  87  30.3317 147  87  42.1559 149  86  16.1529 148  86  38.6779 149  85  38.8227 149  84  32.2183 150  83  10.1861 149  83  50.7308 150  82  23.2171 150  81  40.0804 151  80  19.4448 151  79  26.1302 152  78  39.3817 151  78  27.3749 
112  94  21.2609 112  93  47.8208 111  93  8.3627 111  92  72.9387 110  91  17.5375 
35  87  28.4851 33  94  8.79795 32  94  33.1842 32  93  40.943 32  92  37.4074 31  91  38.8835 30  91  34.6929 32  90  10.0523 31  90  90.1535 33  89  5.15824 32  89  141.654 31  89  44.9732 33  88  90.7763 32  88  98.2409 34  87  35.688 33  87  39.5979 36  86  34.2747 35  86  16.3842 37  85  24.4402 36  85  8.98087 37  84  43.1447 37  83  24.9304 36  83  35.1874 35  83  33.5638 34  83  80.3389 33  83  39.4084 34  82  62.879 
164  90  14.5377 162  91  13.6088 161  91  35.1958 163  90  26.161 162  90  26.2032 170  92  31.2014 170  91  29.1902 169  91  7.18516 169  90  21.1214 168  90  40.7727 168  89  27.0728 167  89  31.7595 166  89  33.3663 165  89  24.7257 164  89  37.0506 
111  88  27.1074 110  88  77.3167 110  87  14.1231 
53  88  49.238 52  88  74.184 51  88  44.0499 53  87  54.6279 52  87  33.1949 53  86  47.7253 51  86  63.2425 53  85  36.0074 52  85  39.7165 51  85  28.0524 52  84  8.90604 
156  87  68.2066 155  87  68.4984 
102  83  54.9074 101  83  23.5844 100  83  30.3697 99  83  29.0246 95  87  46.8484 96  86  24.3387 95  86  24.0205 96  85  41.5151 97  84  38.6706 96  84  7.47657 98  83  25.6106 97  83  6.3502 102  82  68.1863 101  82  7.80314 
3  87  19.0658 3  86  35.8373 2  86  5.05157 3  85  18.8629 2  85  11.8695 3  84  26.5518 2  84  42.7875 
68  85  143.451 67  85  25.7961 
112  83  19.1747 110  84  20.9419 109  84  92.3214 111  83  25.8611 110  83  17.1778 
155  79  18.3022 156  78  36.5481 155  78  7.71938 156  77  33.7752 155  76  26.7168 155  75  9.43858 154  75  43.7752 154  74  16.1874 
95  78  7.26113 94  78  16.3164 94  77  29.9106 93  77  8.65011 92  77  16.1757 93  76  23.6355 92  76  32.1716 91  76  33.7472 90  76  6.64261 90  75  45.7287 89  75  78.8638 90  74  70.1958 89  74  35.5038 
25  74  18.5035 25  73  41.2056 25  72  31.2667 25  71  25.4859 25  70  28.0542 25  69  43.1378 
135  73  28.477 135  72  95.578 
127  73  28.2805 128  72  22.842 127  72  43.1275 128  71  33.0675 127  71  31.7547 
104  70  39.4374 102  72  28.7379 102  71  39.9679 103  70  53.6642 102  70  17.2795 
118  71  26.9517 117  71  29.348 119  70  34.133 118  70  32.4677 119  69  17.3762 
122  67  48.7653 123  66  41.2471 122  66  65.8724 
246  64  37.9219 245  64  21.3047 246  63  48.4672 245  63  13.9472 
126  61  34.5466 126  60  49.282 125  60  37.8069 124  60  35.3744 
73  61  44.5894 72  61  11.2947 72  60  42.6856 72  59  49.4722 72  58  5.24392 
7  61  54.2515 6  61  43.7281 
244  60  20.2016 243  60  32.676 242  60  35.4809 241  60  13.3775 247  60  34.4176 246  60  42.8392 248  59  42.247 246  59  24.8305 245  59  44.9536 244  59  22.5526 248  58  35.7955 249  57  39.8524 248  57  25.4545 249  56  70.4602 249  55  47.698 
225  59  31.3804 226  58  32.8759 225  58  16.2816 226  57  34.2004 225  57  43.158 225  56  15.7205 
197  58  36.8131 196  58  26.5318 197  57  125.665 196  57  20.6569 
231  57  38.1856 232  56  41.6134 231  56  32.7686 230  56  75.8425 232  55  44.2447 231  55  101.843 230  55  10.837 233  54  25.0632 232  54  25.2979 
136  57  33.1069 135  57  43.3751 136  56  19.8089 135  56  17.2441 135  55  29.3638 135  54  45.936 135  53  19.2767 135  52  25.822 136  51  33.6381 135  51  19.9314 136  50  26.2609 
120  57  49.6409 119  57  27.9052 120  56  47.2991 120  55  28.4928 119  55  24.8804 119  54  33.5395 118  54  15.5828 118  53  42.3666 117  53  21.5339 119  52  41.7013 118  52  41.8517 120  51  39.2071 119  51  6.13592 
75  56  75.7373 74  56  70.1548 74  55  21.7948 
103  55  11.6462 106  55  25.9661 105  55  28.5118 105  54  52.5648 104  54  94.6615 103  54  62.3886 104  53  113.289 103  53  14.6389 
8  55  17.8095 8  54  60.0646 8  53  26.5093 
165  54  19.3057 164  54  52.8424 163  54  5.04995 165  53  46.7313 164  53  14.0595 163  53  47.614 162  53  55.6812 161  53  112.348 
143  53  44.9094 143  52  42.6531 143  51  89.3628 
113  53  48.5371 112  53  53.5393 111  53  27.5107 
129  52  9.016 129  51  50.2163 129  50  10.5505 
206  51  23.4041 205  51  39.074 207  50  19.6522 206  50  38.5155 
152  51  102.328 
47  51  5.50302 46  51  42.9882 45  51  5.41652 45  50  23.0866 44  50  29.7782 43  50  42.075 
134  49  9.28138 134  48  78.2959 133  48  76.1097 133  47  22.8498 132  47  22.6674 
118  49  46.6335 118  48  34.5464 117  48  57.5414 117  47  20.7505 116  47  26.1562 116  46  24.6277 
86  46  38.68 85  46  38.8037 84  46  27.8869 85  45  8.29759 84  45  34.8893 83  45  28.9728 
169  43  29.5359 170  42  55.1825 169  42  19.7523 
66  42  28.4057 64  43  48.703 63  43  5.6959 65  42  52.1081 64  42  60.6676 63  42  48.5842 62  42  40.1328 65  41  64.7737 64  41  51.8415 63  41  52.6649 62  41  44.6038 61  41  19.1756 64  40  5.39122 63  40  110.097 
125  42  29.5834 125  41  84.0379 124  41  76.1721 123  41  5.34131 
95  42  22.8498 94  42  85.2369 
78  39  8.20566 82  42  20.5979 81  41  38.914 81  40  47.7038 80  39  33.6101 80  38  84.4735 79  38  66.924 78  38  6.28149 80  37  46.9372 80  36  34.4606 
233  41  36.7284 232  41  5.54216 
107  38  16.7613 107  37  53.759 106  37  34.4672 105  40  7.43223 104  40  61.5862 105  39  14.0322 104  39  81.9991 104  38  39.8507 105  37  43.7611 104  37  43.5544 105  36  104.779 104  36  24.3019 105  35  37.0657 105  34  7.93948 
75  38  25.4623 75  37  37.3607 
44  36  18.5331 44  35  40.6295 45  34  39.5796 44  34  61.3406 45  33  44.3615 44  33  23.892 
5  31  17.5546 4  31  10.5168 6  30  12.1175 5  30  27.2556 6  29  30.5513 6  28  20.2977 6  27  21.6434 7  26  25.0462 6  26  18.2344 7  25  28.6658 8  24  15.0197 7  24  22.5565 8  23  37.9652 9  22  25.1417 8  22  8.95833 9  21  28.7124 10  20  15.923 9  20  11.6973 10  19  29.3807 11  18  28.3545 12  17  26.2149 11  17  5.14233 13  16  10.9315 12  16  21.534 14  15  16.6139 13  15  22.4974 15  14  18.602 14  14  61.1697 16  13  44.0559 15  13  43.1408 
14  26  5.24047 13  26  34.3375 13  25  41.5747 13  24  42.1384 
62  25  42.8546 61  25  32.3034 62  24  38.5209 61  24  28.7458 
26  25  5.15893 25  25  33.1246 26  24  14.2284 25  24  121.727 25  23  7.49018 
103  23  12.9624 102  23  23.1959 103  22  50.3882 102  22  71.2318 
6  21  44.4757 
172  16  19.1847 173  15  86.9305 172  15  36.3985 
235  10  27.7558 241  10  66.5921 240  10  16.3717 239  10  36.8836 238  10  37.3079 237  10  32.9421 241  9  21.4354 240  9  50.5338 237  9  15.4454 236  9  89.1339 235  9  142.917 234  9  18.5887 235  8  41.5281 
218  5  21.7952 218  6  38.1995 217  6  46.4092 225  10  16.3287 225  9  52.7469 224  9  22.2107 225  8  37.3929 224  8  14.1896 225  7  34.8367 224  7  14.5055 223  7  30.7233 224  6  67.4617 223  6  8.48738 222  6  41.3091 224  5  19.9002 222  5  28.0127 221  5  43.7358 220  5  31.9798 219  5  28.5475 
22  8  20.4156 21  8  46.2272 20  8  22.0818 22  7  40.865 21  7  123.152 21  6  6.67839 

179  4  31.3554 177  4  51.0139 177  5  5.25324 178  4  45.3126 
255  255  5.25127 
0  255  70.509 
194  252  58.682 
198  248  48.2831 197  248  52.1981 196  248  43.7339 
24  249  29.3517 23  249  7.44759 27  248  35.8255 26  248  29.0942 25  248  26.4039 24  248  33.7978 27  247  33.6171 
10  248  20.5891 9  247  31.3563 8  247  60.503 7  247  41.4247 6  247  36.5302 
31  247  23.0535 
128  240  17.1303 127  240  57.6776 126  240  13.3163 126  239  30.6392 121  245  17.9338 120  245  39.511 119  245  43.8608 121  244  28.9712 122  243  21.4083 121  243  7.70358 122  242  62.6536 123  241  24.0974 122  241  59.8923 124  240  29.8403 123  240  13.0829 125  239  23.3471 
14  244  13.8285 12  245  19.3475 11  245  27.9664 13  244  52.3705 12  244  24.0515 11  244  17.6707 
73  242  16.6836 72  242  35.2542 72  241  86.7878 72  240  44.6497 72  239  21.7975 
98  239  44.2906 96  240  65.8232 95  240  61.0363 97  239  45.892 96  239  55.9632 98  238  35.6613 97  238  30.4889 
221  238  6.72668 219  239  10.324 218  239  21.0998 217  239  65.8634 220  238  33.7813 219  238  22.8745 217  238  8.09221 216  238  37.9437 215  238  26.3528 221  237  18.2254 
154  238  77.6258 153  238  95.0003 152  238  99.7448 151  238  63.447 
84  238  50.4417 83  238  70.4128 
249  227  17.5872 249  226  37.5375 248  225  67.436 247  225  118.96 248  224  59.1073 247  224  88.7935 240  231  24.1123 239  231  9.06051 241  230  37.5778 240  230  12.1458 242  229  15.8911 241  229  24.3898 243  228  23.3823 242  228  32.3 244  227  20.6468 243  227  23.0046 244  226  36.2824 245  225  38.1787 244  225  5.81 246  224  28.9676 245  224  37.4304 247  223  26.5207 246  223  101.771 246  222  25.3059 245  222  6.95349 
126  231  27.2503 125  231  129.05 
44  230  27.6482 45  229  37.8832 44  229  27.8422 45  228  10.429 44  228  42.9769 43  228  53.6436 43  227  89.1328 43  226  24.7037 43  225  22.0462 43  224  22.8948 43  223  29.8808 43  222  28.5326 43  221  24.1426 42  221  15.0878 42  220  18.1705 43  219  9.72167 42  219  26.3776 42  218  17.0961 
214  229  57.247 
55  225  39.9216 54  225  39.1494 53  225  27.8878 52  225  38.5348 51  225  19.4374 51  224  17.9922 51  223  28.0108 50  222  26.7366 50  221  16.2813 49  221  7.85683 49  220  28.884 49  219  29.9187 49  218  22.4055 49  217  42.2073 48  217  99.2086 49  216  39.0569 48  216  77.6503 48  215  28.1067 
36  225  68.5629 36  224  41.1559 
150  223  61.6357 149  223  71.5744 154  222  17.9835 153  222  28.5545 152  222  19.8354 151  222  87.0643 150  222  65.4417 
139  223  26.493 138  223  24.1979 142  222  25.6959 141  222  20.9569 140  222  31.1537 143  221  7.67699 142  221  5.63714 
45  222  51.5081 46  221  37.894 45  221  144.204 
136  219  5.67508 136  218  98.4927 136  217  47.3581 
32  219  37.1917 31  219  30.4386 30  219  26.0524 33  218  25.7829 32  218  5.65629 
228  214  37.9702 226  215  22.9612 223  217  11.4455 222  217  13.7771 224  216  26.6982 223  216  25.7613 225  215  29.5633 227  214  28.4308 226  214  19.512 
157  215  38.2296 157  214  100.919 157  213  46.4903 156  213  54.9266 
94  214  88.9529 93  214  41.6328 94  213  48.0133 93  213  41.2862 
166  211  22.225 166  210  88.8592 
171  209  60.7907 172  208  5.20272 171  208  52.0134 172  207  39.3448 173  206  26.6706 172  206  5.79627 
140  209  10.5028 141  208  25.1641 140  208  15.1151 141  207  45.5798 141  206  51.1163 141  205  48.2496 
21  207  10.7802 20  207  34.4842 19  207  24.9577 19  206  5.90352 18  206  36.603 18  205  23.7572 17  205  12.1705 17  204  25.4121 
122  206  28.8897 123  205  25.1961 122  205  5.76558 123  204  40.1859 123  203  39.5503 124  202  29.0346 123  202  8.67404 124  201  10.8902 
211  200  28.4899 210  200  33.3108 209  200  31.3207 211  199  17.889 209  199  11.3609 208  199  25.7057 208  198  23.4972 207  198  30.289 207  197  36.5836 207  196  34.1173 206  196  10.0844 206  195  31.5467 
107  198  32.3241 106  198  66.2768 105  198  24.5508 
191  191  8.35328 191  190  42.9661 191  189  35.4482 191  188  26.4243 191  187  26.7194 190  187  7.99123 
84  192  22.9932 86  191  34.6658 85  191  41.2898 86  190  50.0393 
41  191  8.86725 40  191  12.5098 41  190  9.81821 40  190  45.7729 39  190  31.2397 
120  190  42.3572 119  190  24.8801 120  189  17.0414 119  189  44.9861 
208  189  10.4543 207  189  55.9634 207  188  47.8974 207  187  24.2712 
131  189  34.6309 130  189  15.0753 129  189  22.1778 128  189  7.00619 131  188  154.949 130  188  93.5389 129  188  34.5085 
15  190  28.1232 16  189  11.1772 15  189  48.5078 21  189  53.7047 20  189  81.9938 19  189  24.7868 21  188  63.9748 20  188  40.7452 19  188  23.3135 18  188  41.44 17  188  44.4262 16  188  20.5779 
151  187  24.9683 150  187  40.3657 151  186  73.4542 150  186  5.66093 151  185  5.88093 
115  185  29.409 113  187  60.8168 113  186  58.2776 114  185  38.5333 113  185  11.3088 116  184  182.266 115  184  25.923 
79  187  61.1729 78  187  32.8775 
237  185  51.624 236  185  57.1177 236  184  29.7805 235  184  26.578 235  183  66.6948 235  182  190.371 235  181  45.0447 235  180  5.74373 234  180  34.2356 234  179  19.0722 
119  185  5.4558 118  185  44.6882 119  184  46.7513 119  183  39.9264 
185  181  108.476 183  182  42.3493 182  182  45.2216 181  182  18.2673 180  182  34.4006 184  181  68.8691 183  181  24.2747 182  181  6.79522 181  181  17.3752 185  180  24.6682 
108  182  12.9001 108  181  53.3724 107  181  32.5654 107  180  26.6452 
171  181  15.4931 171  180  46.4098 170  180  94.976 
126  179  26.6754 127  178  36.688 128  177  25.0465 128  176  32.3853 134  181  8.26447 133  181  46.4153 133  180  31.8232 133  179  6.78558 132  179  50.1235 132  178  33.4293 131  178  6.15697 131  177  31.2687 131  176  15.3561 130  176  25.7788 130  175  24.7157 129  175  108.285 128  175  73.606 129  174  32.5271 130  173  23.6768 129  173  8.3539 130  172  20.6703 131  171  19.125 130  171  10.4384 131  170  26.127 
73  180  10.1673 72  180  6.26201 73  179  39.2084 72  179  58.347 71  179  21.5554 74  178  55.4697 73  178  7.07893 75  177  131.44 74  177  8.89157 76  176  23.1884 75  176  23.2109 76  175  25.3299 77  174  29.1785 76  174  5.80821 77  173  28.6223 78  172  16.144 77  172  22.6785 78  171  26.0501 79  170  24.6623 79  169  28.8949 80  168  11.3415 79  168  8.39368 80  167  30.7489 80  166  18.3858 
33  180  39.6423 32  180  38.0854 31  180  21.7064 31  179  6.91457 30  179  25.1866 29  179  35.796 31  178  10.6602 30  178  145.905 28  178  26.1079 27  178  37.5261 26  178  8.8406 31  177  65.0155 26  177  108.537 25  177  21.4749 24  177  24.4484 31  176  72.656 24  176  5.4873 23  176  80.0991 22  176  54.4125 21  176  30.9278 20  176  5.28112 31  175  69.554 30  175  52.1623 23  175  6.76497 22  175  30.6975 20  175  33.0889 19  175  5.99563 22  174  11.7727 21  174  35.7087 19  174  22.6699 18  174  21.4659 21  173  10.7675 20  173  29.0018 18  173  29.4216 18  172  16.7576 
156  178  20.6357 155  178  26.1946 153  179  25.3901 152  179  6.76345 151  179  7.88931 150  179  61.3163 154  178  26.5688 153  178  6.58717 152  178  23.5639 151  178  42.8326 150  178  8.80391 157  177  10.8135 156  177  40.6462 150  177  23.8793 156  176  108.283 150  176  5.02041 149  176  39.0388 156  175  5.06584 155  175  43.4208 156  174  28.4882 155  174  38.7282 156  173  94.8604 155  173  16.3024 
122  179  5.27165 121  179  43.7971 122  178  47.7788 121  178  10.3929 
159  176  71.5978 
12  170  5.79372 11  170  13.3966 11  169  67.7134 
172  168  40.8323 171  168  33.7753 170  168  29.6193 172  167  63.032 173  166  8.26101 172  166  32.9402 173  165  5.66504 172  165  30.0559 173  164  44.943 
149  168  54.2665 148  168  5.03764 149  167  85.6252 150  166  32.3887 151  165  35.0183 150  165  31.6631 151  164  27.1179 151  163  13.4425 
40  168  89.9711 
185  167  10.4212 184  167  43.3592 183  167  52.6513 183  166  5.68161 
159  159  18.7576 159  158  37.6397 158  158  20.1025 155  160  44.5031 154  160  33.0846 156  159  27.7124 155  159  11.9125 157  158  22.7371 156  158  11.179 159  157  38.0842 158  157  12.1311 
109  160  31.9018 110  159  52.3082 109  159  21.6085 109  158  28.7069 
189  158  67.7482 189  157  16.9189 
114  156  46.622 115  155  40.2826 114  155  53.1794 
92  154  34.2868 
47  153  36.8577 46  153  24.2159 45  153  32.1938 40  155  6.00814 43  154  17.9093 42  154  36.6798 41  154  32.7512 40  154  6.38206 44  153  35.6342 43  153  11.2606 48  152  8.51116 
93  150  7.77012 92  150  57.5171 91  150  7.22471 90  150  21.0625 93  149  44.6638 92  149  49.1905 91  149  76.1229 90  149  14.4952 89  149  36.2016 88  149  29.7612 87  149  9.44365 93  148  26.0783 92  148  14.4204 88  148  9.14138 87  148  35.1628 86  148  48.5793 85  148  22.6731 84  148  41.7523 93  147  36.8379 85  147  55.4447 84  147  95.1323 
36  149  74.1749 36  148  39.53 
72  137  26.5928 63  148  16.2523 64  147  24.5395 65  146  22.8666 66  145  6.0841 65  145  36.2834 66  144  32.5745 67  143  18.2906 66  143  5.8954 68  142  14.8346 67  142  27.625 68  141  18.9596 69  140  28.415 70  139  19.8766 69  139  5.55237 70  138  33.1053 71  137  19.5809 72  136  95.1278 
51  148  5.77925 50  148  13.9532 51  147  47.3448 50  147  37.2843 
179  146  26.7606 179  145  34.7682 179  144  27.7737 179  143  42.3 179  142  27.1811 179  141  18.8721 178  141  25.5845 178  140  14.9516 
117  145  59.968 118  144  67.2275 117  144  43.6248 
40  144  65.9794 39  144  20.91 41  143  33.8144 40  143  8.19692 42  142  27.7495 41  142  7.17974 43  141  32.5747 42  141  16.3655 44  140  18.2729 43  140  71.1411 
163  143  75.41 162  143  24.283 
100  143  81.5117 99  143  70.3762 98  143  73.8196 100  142  17.3482 99  142  6.7228 
157  142  30.6861 156  142  39.6097 157  141  103.106 
85  140  27.7604 82  142  32.3039 83  141  46.1886 82  141  45.9376 84  140  46.6955 83  140  22.5456 85  139  46.4906 85  138  56.9026 
31  142  29.4678 31  141  39.1567 31  140  42.7568 32  139  21.7819 31  139  16.6013 32  138  31.4869 
204  141  42.3443 204  140  66.5509 203  140  31.4939 
2  141  89.986 
27  140  102.698 
53  139  50.7059 53  138  125.51 
105  135  30.3117 105  134  10.1227 
57  132  20.874 54  135  5.18199 54  134  38.5009 55  133  36.038 54  133  9.49525 56  132  27.9902 58  131  32.8794 57  131  10.1819 59  130  28.8032 57  130  54.5128 56  130  53.9159 59  129  24.2454 58  129  11.4587 57  129  5.53928 
196  134  32.3697 195  134  12.9164 194  134  32.5662 193  134  8.82203 196  133  27.8936 195  133  48.2145 194  133  49.7362 
169  134  103.822 169  133  19.0455 
121  134  37.2789 121  133  77.2905 
9  134  9.5936 9  133  105.912 
105  132  18.0621 104  132  63.3993 103  132  5.62157 
133  131  11.3955 
80  131  123.734 82  130  30.7699 81  130  34.4644 83  129  30.7411 82  129  45.3805 83  128  7.65246 
14  130  64.9736 15  129  45.8457 14  129  13.3995 15  128  33.735 15  127  25.2265 
241  129  7.89308 241  128  53.5344 249  128  37.1097 248  128  71.4072 249  127  13.4356 248  127  20.2894 247  127  42.2336 246  127  35.8368 245  127  44.3267 244  127  30.9496 243  127  15.3569 242  127  33.962 241  127  12.4576 244  126  5.60335 243  126  24.2907 242  126  5.14418 
40  127  58.8246 
218  126  90.5183 
133  124  49.6285 132  124  68.1794 134  123  38.4152 133  123  41.298 
72  124  28.2182 71  124  36.9031 72  123  11.4961 70  123  5.51632 
139  123  35.0055 138  123  32.7011 137  123  44.6358 140  122  37.9549 
108  122  29.3931 107  122  50.574 108  121  18.7298 
39  121  105.263 
142  119  75.6264 141  119  11.2884 142  118  28.8153 141  118  6.48827 
56  118  51.7635 55  118  36.3966 55  117  38.6677 54  116  26.1614 
152  117  27.7258 151  117  13.2354 152  116  56.8873 151  116  48.7167 153  115  11.9562 152  115  27.3019 153  114  31.1562 153  113  31.0317 153  112  25.481 153  111  33.3315 153  110  22.4423 153  109  28.4452 153  108  24.6611 153  107  18.9243 153  106  30.3279 153  105  26.2163 154  104  28.5731 155  103  17.878 154  103  22.337 156  102  5.09502 155  102  33.5646 156  101  83.5509 155  101  52.0708 156  100  73.6692 
167  112  7.92759 166  112  57.2958 166  111  37.1377 166  110  40.806 166  109  24.1819 165  109  19.8906 165  108  28.3051 165  107  35.6212 165  106  28.2472 165  105  17.1549 164  105  5.56128 165  104  24.6207 164  104  30.7876 164  103  42.5231 164  102  33.3349 163  102  31.9154 163  101  15.9223 
62  112  6.63418 61  112  126.151 60  112  6.76504 
30  112  12.868 29  112  19.1607 30  111  45.4559 29  111  36.196 
148  110  31.3937 147  110  155.614 148  109  55.4809 147  109  22.6135 148  108  6.47156 147  108  55.3463 146  108  57.2858 145  108  22.1169 
137  110  6.85701 136  110  32.9705 135  110  30.8072 134  110  38.3571 133  110  32.0933 137  109  8.60636 
38  110  9.87444 38  109  83.9985 
15  110  13.4062 14  110  79.7939 13  110  21.3494 
81  109  13.997 82  108  32.0319 81  108  60.5737 82  107  21.9087 
22  109  14.2757 23  108  34.4025 22  108  29.3111 22  107  51.3505 
230  108  43.7462 
159  107  49.959 158  107  40.5674 160  106  15.521 159  106  36.6958 
61  108  5.25381 64  107  8.22322 63  107  44.184 62  107  41.2529 61  107  47.4852 
54  107  24.5347 53  107  65.3657 
131  106  20.5385 131  105  68.78 131  104  35.23 130  104  19.7456 
191  107  90.3113 190  107  40.2946 191  106  40.9545 196  105  36.4438 195  105  25.862 194  105  30.9341 193  105  29.9412 192  105  39.8512 191  105  34.1866 195  104  40.9792 194  103  33.5391 193  103  41.6744 
206  104  5.54718 206  103  39.6513 207  102  42.4882 206  102  6.58547 207  101  11.097 206  101  52.0913 207  100  42.1592 206  100  44.1553 205  100  41.4106 207  99  11.0897 206  99  35.9121 205  99  65.5191 
190  99  29.3162 189  99  80.8128 188  99  53.6335 185  103  26.076 184  103  36.4135 185  102  84.8312 185  101  28.1134 186  100  25.4191 185  100  24.9386 187  99  27.8999 186  99  40.7547 190  98  15.6741 
48  102  28.4048 47  102  38.0749 47  101  21.1344 46  101  20.662 46  100  29.6922 45  99  30.4847 45  98  31.4661 
204  96  16.8655 204  95  42.3157 204  94  44.2788 203  94  24.2031 203  93  31.5489 
159  95  6.00269 158  95  89.1354 158  94  55.0152 
77  95  51.2061 76  95  32.8784 76  94  5.32396 75  94  29.2409 
215  92  38.0641 214  91  40.1236 213  91  40.9281 
83  92  19.0562 83  91  68.7148 
136  90  23.7734 135  90  109.221 134  90  137.002 133  90  5.12501 135  89  64.4698 134  89  39.8981 133  89  41.9417 132  89  29.5213 134  88  48.6791 132  88  31.6602 131  88  46.7325 130  88  40.763 
122  87  45.1034 119  90  6.07333 118  90  57.0017 119  89  35.9527 118  89  10.7913 120  88  30.0228 119  88  42.0557 118  88  8.38338 121  87  47.1071 
202  89  124.57 
100  83  23.0175 99  83  8.92981 101  82  32.313 100  82  30.6874 109  89  28.4461 109  88  28.5766 109  87  30.7649 109  86  27.2551 109  85  19.6154 108  84  20.4943 108  83  23.6632 107  83  23.1591 106  82  31.6553 105  82  26.9668 105  81  50.4918 104  81  81.2344 103  81  25.8747 102  81  27.7173 104  80  28.2292 103  79  29.4064 102  79  5.29844 102  78  36.9166 102  77  9.49091 101  77  36.8673 102  76  8.76078 101  76  49.2499 102  75  31.4968 
58  89  11.6541 58  88  39.2196 
47  86  37.9104 44  88  16.5782 45  87  27.5025 44  87  20.6418 46  86  44.0101 45  86  20.1939 48  85  14.8021 47  85  57.2209 
165  87  27.1117 164  87  38.6751 165  86  5.08309 164  86  39.1539 163  86  28.6478 162  86  24.2135 161  86  26.5171 161  85  5.05037 160  85  37.2704 159  84  25.0305 158  84  26.2955 157  84  5.99118 156  84  21.0392 155  84  36.3543 154  84  6.84825 157  83  25.786 156  83  40.9611 155  83  24.2828 
136  86  46.9079 136  85  56.6304 
54  85  74.9861 54  84  21.4168 53  84  25.8746 
182  84  28.2344 181  83  33.3812 181  82  21.6423 180  82  12.6671 180  81  31.9369 180  80  34.257 179  80  31.8485 179  79  5.67755 178  79  36.5384 178  78  14.213 177  78  23.2334 
23  84  26.3402 23  83  48.6858 23  82  14.7712 22  82  34.7241 20  83  29.2592 18  84  37.0947 17  84  34.2186 19  83  48.3525 18  83  17.4773 21  82  38.2554 20  82  7.011 
129  82  31.6603 129  81  39.794 130  80  133.212 129  80  59.2438 
53  82  5.54092 54  81  21.3164 53  81  93.5071 
225  81  6.81538 224  81  47.0958 225  80  22.8922 224  80  23.2096 225  79  34.1738 225  78  39.7033 225  77  44.7327 225  76  26.2453 224  76  30.4016 224  75  44.3486 223  75  74.7926 222  75  9.52192 224  74  31.94 223  74  87.6283 
62  81  36.4339 62  80  45.9017 61  80  22.6579 60  80  21.2093 59  80  26.1515 58  80  42.3484 62  79  83.1301 58  79  37.797 57  79  35.5828 56  79  5.2066 63  78  19.0802 62  78  55.9653 57  78  72.0197 56  78  35.0904 58  77  5.34094 57  77  50.0818 56  77  36.464 55  77  13.1293 59  76  36.7678 58  76  70.8625 55  76  17.0834 54  76  54.0191 53  76  32.7567 54  75  5.66899 53  75  19.959 52  75  14.2165 
127  80  52.0253 126  80  24.5751 126  79  36.1877 
190  78  15.6074 190  77  58.5054 189  77  10.4802 190  76  9.39382 189  76  19.6525 
169  78  132.158 168  78  47.4878 169  77  25.9722 
107  76  7.06366 105  77  18.5481 104  77  26.0909 106  76  121.54 105  76  46.4152 
172  76  9.54546 171  76  21.3982 172  75  35.1553 171  75  105.763 
150  76  17.588 150  75  96.3983 151  74  54.1748 150  74  18.8783 
187  75  54.1168 186  75  35.2975 186  74  15.5642 
159  73  9.1924 159  72  26.6488 158  72  56.3152 158  71  34.7854 
75  73  141.153 
151  72  109.77 151  71  35.1521 151  70  13.5922 150  70  34.1929 151  69  5.5529 150  69  83.4141 
67  72  53.4936 66  72  87.34 65  72  50.1704 67  71  33.908 66  71  50.0053 
71  70  16.1813 70  70  11.0453 74  71  30.0674 73  71  7.61275 74  70  21.9718 73  70  17.4641 74  69  50.9395 73  69  35.8263 72  69  25.3307 71  69  45.1236 70  69  31.2792 
121  69  73.3826 120  69  129.819 
86  69  18.6618 86  68  104.193 
177  68  11.2423 176  68  72.4914 175  68  57.0418 177  67  21.2791 176  67  61.3537 
108  68  34.1861 108  67  23.5043 108  66  34.1743 107  65  28.4861 106  65  17.2191 106  64  35.3937 105  64  23.3943 105  63  71.3651 104  63  40.7805 104  62  14.3957 103  62  37.441 103  61  6.78665 102  61  51.1077 102  60  59.144 101  60  39.5528 101  59  99.8932 
101  68  23.0527 102  67  51.2537 101  67  54.1602 
126  67  69.3727 125  67  119.74 126  66  31.725 125  66  34.2713 
202  66  7.52434 202  65  41.3337 202  64  42.6487 203  63  5.71011 202  63  17.3261 204  62  40.4648 203  62  40.5431 202  62  6.267 
11  66  26.8633 10  66  41.0506 9  66  34.0194 8  66  18.1055 
178  60  33.292 168  65  32.1597 167  65  54.6224 169  64  37.0665 168  64  20.0187 175  63  12.7056 173  64  20.1062 172  64  39.1312 171  64  8.91125 174  63  27.0744 173  63  37.861 171  63  12.7196 170  63  27.2659 175  62  6.49156 174  62  23.168 176  61  39.6432 175  61  39.2831 177  60  26.4807 179  59  30.3504 178  59  23.1121 179  58  32.8153 
131  63  13.3579 132  62  54.4999 132  61  68.8258 
211  62  51.389 210  61  72.4693 209  61  28.8872 210  60  8.03663 209  60  32.2265 208  60  30.9109 207  60  12.1771 207  59  23.9436 
128  61  58.6352 127  61  5.36764 127  60  36.304 
61  60  27.5741 60  60  77.9696 
14  60  35.6407 13  60  25.1493 14  59  46.8975 13  59  10.2069 
173  59  19.5145 175  59  19.5056 175  58  89.0133 174  58  76.929 173  58  122.502 
125  59  30.6531 126  58  5.41827 125  58  51.3419 125  57  26.1926 
122  58  48.5265 121  58  66.1006 123  57  72.1418 122  57  28.0919 121  57  68.1515 
142  57  5.44088 141  57  25.601 142  56  25.5525 141  56  32.0685 142  55  23.2633 142  54  38.0307 142  53  5.46935 
189  57  6.2204 191  56  19.7047 190  56  34.8042 189  56  126.914 188  56  63.7418 187  56  23.6088 187  55  26.7072 
208  55  45.6562 207  55  28.0667 208  54  13.3654 207  54  10.2772 
137  55  67.4951 137  54  24.3556 
117  55  16.696 
170  53  19.1523 168  54  6.39257 167  54  39.081 169  53  63.07 168  53  36.3568 169  52  15.4346 
113  53  8.70547 113  52  38.7216 114  51  17.176 113  51  18.3398 114  50  28.9025 114  49  25.8727 114  48  37.9117 114  47  29.1406 115  46  5.74962 
198  51  14.7926 
105  49  63.2466 104  49  25.2381 105  48  45.8424 104  48  10.969 
221  42  55.9147 220  42  33.4113 222  41  40.7926 221  41  39.048 220  41  17.6869 218  42  55.7206 221  47  6.84432 220  47  87.6071 218  48  42.2793 217  48  23.5392 216  48  23.3178 215  48  9.52428 219  47  30.6342 215  47  24.8193 214  47  30.2098 220  46  13.865 214  46  30.206 214  45  23.4059 215  44  27.9674 216  43  33.2732 217  42  30.8084 219  41  35.6974 218  41  43.7171 222  40  18.9958 
79  48  43.1564 80  47  47.2876 79  47  32.0316 78  47  32.7436 78  46  65.299 78  45  13.5046 
90  38  5.50558 89  38  22.6939 83  46  17.581 84  45  5.94165 83  45  28.3631 84  44  38.7648 84  43  24.5583 85  42  10.1464 84  42  16.6555 85  41  27.623 86  40  20.4417 85  40  6.32884 87  39  27.7632 86  39  17.0571 88  38  26.1086 87  38  21.9209 90  37  23.7664 
72  46  12.8788 
37  44  35.4348 38  43  26.1433 37  43  97.4474 38  42  18.9624 38  41  27.5942 38  40  38.271 39  39  96.7416 38  39  18.6471 39  38  32.9019 39  37  33.2027 
98  43  76.8027 
155  41  45.9269 154  41  148.809 155  40  21.6279 154  40  67.6284 
34  40  32.7028 33  40  7.14697 
60  39  32.2354 60  38  88.6723 59  38  8.54939 59  37  28.7611 
220  35  31.1442 
138  29  34.0675 140  28  9.94027 139  28  34.2291 138  28  35.6315 141  27  29.698 140  27  29.2866 
237  24  45.6911 238  23  19.1517 237  23  150.97 236  23  5.35995 237  22  7.75399 236  22  46.2443 235  22  26.878 235  21  26.9939 234  21  41.9523 233  21  43.6481 232  21  46.242 231  21  58.9531 230  21  32.7708 229  21  36.472 228  21  28.9736 227  21  30.6846 226  21  13.406 226  20  21.0929 226  19  11.8319 225  19  18.9875 225  18  18.5004 224  18  19.5119 224  17  27.5546 224  16  17.0908 223  16  19.013 223  15  28.8028 223  14  45.0214 222  13  40.3426 221  13  9.216 222  12  6.87777 221  12  11.9524 
96  18  58.1953 92  23  17.4875 94  22  10.9967 93  22  46.8167 92  22  8.94526 94  21  60.7043 93  21  12.0095 94  20  37.2851 94  19  30.6566 93  19  5.46242 95  18  118.933 94  18  22.9472 96  17  7.0567 95  17  24.924 94  17  25.4578 94  16  29.453 95  15  49.5522 94  15  36.8335 94  14  30.2022 94  13  45.6968 94  12  36.7476 
57  14  64.5537 56  14  83.1938 54  21  10.3946 54  20  38.8341 54  19  40.3439 53  19  12.1839 53  18  59.3495 53  17  48.2176 53  16  45.5697 54  15  37.536 55  14  83.2775 54  14  32.7903 
132  19  23.1924 130  20  33.0052 129  20  19.4061 128  20  26.3653 131  19  42.2931 130  19  23.3375 129  19  17.9687 128  19  19.9971 
37  17  28.0056 37  16  9.3218 36  16  23.6672 36  15  27.6556 
30  17  18.4414 29  17  54.1308 29  16  64.6889 28  16  7.55876 28  15  23.1869 
59  15  7.72064 60  14  34.9931 59  14  115.096 
110  14  34.7034 110  13  81.6548 
66  13  67.3398 66  12  12.7111 65  12  28.28 
75  12  31.7757 
53  12  5.78697 52  12  34.4192 52  11  65.2801 52  10  7.72691 
45  10  6.08494 44  10  61.3461 45  9  85.2339 44  9  71.7913 43  9  75.8783 43  8  62.1689 43  7  30.97 42  7  19.0273 43  6  23.0961 42  6  42.5567 41  6  27.6356 
87  9  17.9848 86  9  5.17598 87  8  26.632 86  8  43.5053 86  7  12.1636 85  7  30.3325 85  6  31.3928 84  6  12.9565 
142  5  68.9723 141  5  17.2185 
